SELECT e.librarytown_id
FROM elcat_librarytown e
where town like 'Бе%'
;
#10591651028189
#10808550968191
#11586130488170
#10350420477164




#-------------------------------


SELECT * FROM elcat_book e
where librarytown_id in
(
11660740787148,
12094810009208,
12241040907147,
13286130508186,
14661910168190,
16694661398172,
17349751148190,
18890630707163,
19677620319198,
20305810007147,
20425750968169,
23028651027144,
23601230517167,
23793220439192,
24050540906120,
24057920406120,
25210530526139,
25496340769195,
26432230497145,
26623010019194,
26880820468171,
26889610078191,
26981251127148,
27211510076123,
29720051196138,
30012510027162,
31769040728170,
33053320429210,
33656720249208,
33826010048186,
33901830519195,
34534420316125,
34862440947146,
35884230687151,
36129810217146,
36169220247164,
36173820256123,
36224610239208,
36511340769215,
38231530549197,
38665440926143,
38834020438188,
41097430488185,
41111161208189,
41535730538173
)
;




#-=---------------------------------------




UPDATE elcat_book
SET librarytown_id = 280820130000001
WHERE librarytown_id in
(
11660740787148,
12094810009208,
12241040907147,
13286130508186,
14661910168190,
16694661398172,
17349751148190,
18890630707163,
19677620319198,
20305810007147,
20425750968169,
23028651027144,
23601230517167,
23793220439192,
24050540906120,
24057920406120,
25210530526139,
25496340769195,
26432230497145,
26623010019194,
26880820468171,
26889610078191,
26981251127148,
27211510076123,
29720051196138,
30012510027162,
31769040728170,
33053320429210,
33656720249208,
33826010048186,
33901830519195,
34534420316125,
34862440947146,
35884230687151,
36129810217146,
36169220247164,
36173820256123,
36224610239208,
36511340769215,
38231530549197,
38665440926143,
38834020438188,
41097430488185,
41111161208189,
41535730538173
);




#------------------------------------------------------------



DELETE FROM elcat_librarytown
WHERE librarytown_id in
(
11660740787148,
12094810009208,
12241040907147,
13286130508186,
14661910168190,
16694661398172,
17349751148190,
18890630707163,
19677620319198,
20305810007147,
20425750968169,
23028651027144,
23601230517167,
23793220439192,
24050540906120,
24057920406120,
25210530526139,
25496340769195,
26432230497145,
26623010019194,
26880820468171,
26889610078191,
26981251127148,
27211510076123,
29720051196138,
30012510027162,
31769040728170,
33053320429210,
33656720249208,
33826010048186,
33901830519195,
34534420316125,
34862440947146,
35884230687151,
36129810217146,
36169220247164,
36173820256123,
36224610239208,
36511340769215,
38231530549197,
38665440926143,
38834020438188,
41097430488185,
41111161208189,
41535730538173
)
;



#------------------------------------------



41681640929196,
42317651026138,
42622051026140,
42780110066125,
42803840768184,
44327210027151,
44521240776121,
44974710067147,
45202420476120,
46009820458185,
46888230557161,
47003940767147,
47106151007167,
50621920477146,
51427730518170,
52977410018191,
53911150999214,
54829540739192,
56300951027147,
56570920298185,
56575551137167,
57363250999194,
59546630657149,
59678751006126,
59893850989193,
59944520416138,
59975351146123,
60100651176125,
61558120478173,
61613520258169,
61775910037150,
62085230508186,
62499051139211,
64418410037161,
64683340918175,
64934430519193,
65326620287165,
66498020407146,
66508361259199,
69184220296138,
69348920447148,
69768161269195,
69868061396141,
70481151018185,
71678310238169,
73445851158189,
73612130527148,
74918350989193,
76132851159211,
77522410166137,
77853450987160,
78302361407167,
78773810226123,
79486520459215,
80018540939208,
80023410059197,
80553530519199,
80857810008187,
81795010236122,
82148740738169,
82532820409194,
82906350977164,
82942750978173,
83178630647166,
83613710167148,
83700530696141,
83889720467163,
84164740949196,
85035351127166,
85353720278184,
85573620298170,
85787520439214,
85881210078184,
86037340958190,
86139610188168,
86393840748185,
88524610059195,
88602510176125,
88821930646140,
88960020438174,
89122410208171,
89185330538185,
89566061207163,
90921751138174,
91517440759196,
92232130687147,
92457620417144,
92615651039212,
92894820409198,
94728340726120,
95949610017145,
96043520469210,
98409051199193,
98426410017161,
128136511510238,
134167202810237,
161277407710223,
206154614110238,
210731511310222,
269458102310239,
280820130000001,
322273202610219,
338365306810232,
342540511710233,
481871100110218,
505515204610236,
534880304910221,
541251409110219,
567012408810218,
576265100310221,
581895202510219,
582358511210235,
587340304810237,
651742102210234,
737583511510223,
758529202610233,
765097100010232,
799126306610217,
799840510210223,
803409612410220,
806093509910235,
932114101910220,
950802102310220,
976884100410233
